# radius (m), temperature (K)
0.000000000000000000e+00 2.965427406694589990e+03 3.572844161320189819e+11 0.000000000000000000e+00
1.731216856259754059e+04 2.965639649800010375e+03 3.572771116192528687e+11 5.645008009153246881e-02
3.462433712519508117e+04 2.966275626712795656e+03 3.572552298224064331e+11 1.129001601830649376e-01
5.193650568779262539e+04 2.967334208827732709e+03 3.572188183536574707e+11 1.693502402745974134e-01
6.924867425039016234e+04 2.968814267539608863e+03 3.571679248251837158e+11 2.258003203661298752e-01
8.656084281298769929e+04 2.970714674243210993e+03 3.571025968491630859e+11 2.822504004576623093e-01
1.038730113755852508e+05 2.973034300333325973e+03 3.570228820377733154e+11 3.387004805491948267e-01
1.211851799381827877e+05 2.975772017204740678e+03 3.569288280031922607e+11 3.951505606407272886e-01
1.384973485007803247e+05 2.978926696252241982e+03 3.568204823575976562e+11 4.516006407322597505e-01
1.558095170633778616e+05 2.982497208870616760e+03 3.566978927131673584e+11 5.080507208237922123e-01
1.731216856259753986e+05 2.986482426454652341e+03 3.565611066820791626e+11 5.645008009153246187e-01
1.904338541885729355e+05 2.990881220399135600e+03 3.564101718765109253e+11 6.209508810068571361e-01
2.077460227511705016e+05 2.995692462098852957e+03 3.562451359086403198e+11 6.774009610983896534e-01
2.250581913137680385e+05 3.000915022948591741e+03 3.560660463906452637e+11 7.338510411899221708e-01
2.423703598763655755e+05 3.006547774343138826e+03 3.558729509347035522e+11 7.903011212814545772e-01
2.596825284389631124e+05 3.012589587677281543e+03 3.556658971529929810e+11 8.467512013729870946e-01
2.769946970015606494e+05 3.019039334345806310e+03 3.554449326576912842e+11 9.032012814645195009e-01
2.943068655641581863e+05 3.025895885743500003e+03 3.552101050609763794e+11 9.596513615560519073e-01
3.116190341267557233e+05 3.033158113265149950e+03 3.549614619750260010e+11 1.016101441647584425e+00
3.289312026893532602e+05 3.040824888305542572e+03 3.546990510120180054e+11 1.072551521739116831e+00
3.462433712519507972e+05 3.048895082259465653e+03 3.544229197841301270e+11 1.129001601830649237e+00
3.635555398145483341e+05 3.057367566521705612e+03 3.541331159035402222e+11 1.185451681922181866e+00
3.808677083771458711e+05 3.066241212487048870e+03 3.538296869824260864e+11 1.241901762013714272e+00
3.981798769397434080e+05 3.075514891550283664e+03 3.535126806329655151e+11 1.298351842105246678e+00
4.154920455023410032e+05 3.085187475106195507e+03 3.531821444673363647e+11 1.354801922196779307e+00
4.328042140649385401e+05 3.095257834549572635e+03 3.528381260977163696e+11 1.411252002288311713e+00
4.501163826275360771e+05 3.105724841275201015e+03 3.524806731362833252e+11 1.467702082379844342e+00
4.674285511901336140e+05 3.116587366677867976e+03 3.521098331952151489e+11 1.524152162471376748e+00
4.847407197527311509e+05 3.127844282152359938e+03 3.517256538866895142e+11 1.580602242562909154e+00
5.020528883153286879e+05 3.139494459093465139e+03 3.513281828228842773e+11 1.637052322654441561e+00
5.193650568779262248e+05 3.151536768895969089e+03 3.509174676159772949e+11 1.693502402745974189e+00
5.366772254405237036e+05 3.163970082954659574e+03 3.504935558781463013e+11 1.749952482837506373e+00
5.539893940031212987e+05 3.176793272664323467e+03 3.500564952215691528e+11 1.806402562929039002e+00
5.713015625657188939e+05 3.190005209419747189e+03 3.496063332584236450e+11 1.862852643020571630e+00
5.886137311283163726e+05 3.203604764615718068e+03 3.491431176008875732e+11 1.919302723112103815e+00
6.059258996909139678e+05 3.217590809647022979e+03 3.486668958611386719e+11 1.975752803203636443e+00
6.232380682535114465e+05 3.231962215908449252e+03 3.481777156513548584e+11 2.032202883295168849e+00
6.405502368161090417e+05 3.246717854794783307e+03 3.476756245837139282e+11 2.088652963386701256e+00
6.578624053787065204e+05 3.261856597700812017e+03 3.471606702703936157e+11 2.145103043478233662e+00
6.751745739413041156e+05 3.277377316021322258e+03 3.466329003235717773e+11 2.201553123569766512e+00
6.924867425039015943e+05 3.293278881151101814e+03 3.460923623554262085e+11 2.258003203661298475e+00
7.097989110664991895e+05 3.309560164484937104e+03 3.455391039781347046e+11 2.314453283752831325e+00
7.271110796290966682e+05 3.326220037417614549e+03 3.449731728038750610e+11 2.370903363844363732e+00
7.444232481916942634e+05 3.343257371343921932e+03 3.443946164448251343e+11 2.427353443935896138e+00
7.617354167542917421e+05 3.360671037658645218e+03 3.438034825131626587e+11 2.483803524027428544e+00
7.790475853168893373e+05 3.378459907756572647e+03 3.431998186210654907e+11 2.540253604118960951e+00
7.963597538794868160e+05 3.396622853032490184e+03 3.425836723807114258e+11 2.596703684210493357e+00
8.136719224420844112e+05 3.415158744881185157e+03 3.419550914042783203e+11 2.653153764302026207e+00
8.309840910046820063e+05 3.434066454697444442e+03 3.413141233039438477e+11 2.709603844393558614e+00
8.482962595672794851e+05 3.453344853876054458e+03 3.406608156918859253e+11 2.766053924485091020e+00
8.656084281298770802e+05 3.472992813811802989e+03 3.399952161802822876e+11 2.822504004576623426e+00
8.829205966924745589e+05 3.493009205899476910e+03 3.393173723813108521e+11 2.878954084668155833e+00
9.002327652550721541e+05 3.513392901533862187e+03 3.386273319071492920e+11 2.935404164759688683e+00
9.175449338176696328e+05 3.534142772109747057e+03 3.379251423699754639e+11 2.991854244851220646e+00
9.348571023802672280e+05 3.555257689021917486e+03 3.372108513819672241e+11 3.048304324942753496e+00
9.521692709428647067e+05 3.576736523665160348e+03 3.364845065553023071e+11 3.104754405034285902e+00
9.694814395054623019e+05 3.598578147434263883e+03 3.357461555021585083e+11 3.161204485125818309e+00
9.867936080680597806e+05 3.620781431724013146e+03 3.349958458347137451e+11 3.217654565217350715e+00
1.004105776630657376e+06 3.643345247929196830e+03 3.342336251651456909e+11 3.274104645308883121e+00
1.021417945193254855e+06 3.666268467444600446e+03 3.334595411056322021e+11 3.330554725400415528e+00
1.038730113755852450e+06 3.689549961665012233e+03 3.326736412683511353e+11 3.387004805491948378e+00
1.056042282318450045e+06 3.713188601985218156e+03 3.318759732654802246e+11 3.443454885583480785e+00
1.073354450881047407e+06 3.737183259800005544e+03 3.310665847091973267e+11 3.499904965675012747e+00
1.090666619443645002e+06 3.761532806504161272e+03 3.302455232116801758e+11 3.556355045766545153e+00
1.107978788006242597e+06 3.786236113492472214e+03 3.294128363851066284e+11 3.612805125858078004e+00
1.125290956568840193e+06 3.811292052159725699e+03 3.285685718416545410e+11 3.669255205949610410e+00
1.142603125131437788e+06 3.836699493900708148e+03 3.277127771935015869e+11 3.725705286041143260e+00
1.159915293694035150e+06 3.862457310110206436e+03 3.268455000528257446e+11 3.782155366132675223e+00
1.177227462256632745e+06 3.888564372183007890e+03 3.259667880318046265e+11 3.838605446224207629e+00
1.194539630819230340e+06 3.915019551513899842e+03 3.250766887426161499e+11 3.895055526315740480e+00
1.211851799381827936e+06 3.941821719497668255e+03 3.241752497974381714e+11 3.951505606407272886e+00
1.229163967944425298e+06 3.968969747529100459e+03 3.232625188084483643e+11 4.007955686498805292e+00
1.246476136507022893e+06 3.996462507002983330e+03 3.223385433878246460e+11 4.064405766590337699e+00
1.263788305069620488e+06 4.024298869314104650e+03 3.214033711477447510e+11 4.120855846681870105e+00
1.281100473632218083e+06 4.052477705857250385e+03 3.204570497003864746e+11 4.177305926773402511e+00
1.298412642194815446e+06 4.080997888027206955e+03 3.194996266579277344e+11 4.233756006864934918e+00
1.315724810757413041e+06 4.109858287218763508e+03 3.185311496325462036e+11 4.290206086956467324e+00
1.333036979320010636e+06 4.139057774826704190e+03 3.175516662364197388e+11 4.346656167047999730e+00
1.350349147882608231e+06 4.168595222245818150e+03 3.165612240817261963e+11 4.403106247139533025e+00
1.367661316445205593e+06 4.198469500870891352e+03 3.155598707806433105e+11 4.459556327231064543e+00
1.384973485007803189e+06 4.228679482096709762e+03 3.145476539453488770e+11 4.516006407322596949e+00
1.402285653570400784e+06 4.259224037318062983e+03 3.135246211880207520e+11 4.572456487414130244e+00
1.419597822132998379e+06 4.290102037929736071e+03 3.124908201208367310e+11 4.628906567505662650e+00
1.436909990695595974e+06 4.321312355326515899e+03 3.114462983559746094e+11 4.685356647597195057e+00
1.454222159258193336e+06 4.352853860903189343e+03 3.103911035056122437e+11 4.741806727688727463e+00
1.471534327820790932e+06 4.384725426054545096e+03 3.093252831819273682e+11 4.798256807780259869e+00
1.488846496383388527e+06 4.416925922175367305e+03 3.082488849970977783e+11 4.854706887871792276e+00
1.506158664945986122e+06 4.449454220660445571e+03 3.071619565633013306e+11 4.911156967963324682e+00
1.523470833508583484e+06 4.482309192904564952e+03 3.060645454927158203e+11 4.967607048054857088e+00
1.540783002071181079e+06 4.515489710302513231e+03 3.049566993975190430e+11 5.024057128146389495e+00
1.558095170633778675e+06 4.548994644249078192e+03 3.038384658898887939e+11 5.080507208237921901e+00
1.575407339196376270e+06 4.582822866139044891e+03 3.027098925820028687e+11 5.136957288329455196e+00
1.592719507758973632e+06 4.616973247367201111e+03 3.015710270860391846e+11 5.193407368420986714e+00
1.610031676321571227e+06 4.651444659328333728e+03 3.004219170141753540e+11 5.249857448512519120e+00
1.627343844884168822e+06 4.686235973417230525e+03 2.992626099785893555e+11 5.306307528604052415e+00
1.644656013446766417e+06 4.721346061028677468e+03 2.980931535914589233e+11 5.362757608695584821e+00
1.661968182009364013e+06 4.756773793557461431e+03 2.969135954649617920e+11 5.419207688787117227e+00
1.679280350571961375e+06 4.792518042398369289e+03 2.957239832112759399e+11 5.475657768878649634e+00
1.696592519134558970e+06 4.828577678946188826e+03 2.945243644425790405e+11 5.532107848970182040e+00
1.713904687697156565e+06 4.864951574595706916e+03 2.933147867710488892e+11 5.588557929061714447e+00
1.731216856259754160e+06 4.901638600741709524e+03 2.920952978088633423e+11 5.645008009153246853e+00
1.748529024822351523e+06 4.938637628778984435e+03 2.908659451682002563e+11 5.701458089244779259e+00
1.765841193384949118e+06 4.975947530102318524e+03 2.896267764612373657e+11 5.757908169336311666e+00
1.783153361947546713e+06 5.013567176106498664e+03 2.883778393001524658e+11 5.814358249427844072e+00
1.800465530510144308e+06 5.051495438186311731e+03 2.871191812971233521e+11 5.870808329519377367e+00
1.817777699072741671e+06 5.089731187736542779e+03 2.858508500643278809e+11 5.927258409610908885e+00
1.835089867635339266e+06 5.128273296151983232e+03 2.845728932139438477e+11 5.983708489702441291e+00
1.852402036197936861e+06 5.167120634827415415e+03 2.832853583581490479e+11 6.040158569793974586e+00
1.869714204760534456e+06 5.206272075157628933e+03 2.819882931091212769e+11 6.096608649885506992e+00
1.887026373323131818e+06 5.245726488537409750e+03 2.806817450790383911e+11 6.153058729977038510e+00
1.904338541885729413e+06 5.285482746361545651e+03 2.793657618800781250e+11 6.209508810068571805e+00
1.921650710448327009e+06 5.325539720024822600e+03 2.780403911244183350e+11 6.265958890160104211e+00
1.938962879010924604e+06 5.365896280922028382e+03 2.767056804242368164e+11 6.322408970251636617e+00
1.956275047573522199e+06 5.406551300447948961e+03 2.753616773917113037e+11 6.378859050343169024e+00
1.973587216136119561e+06 5.447503649997371213e+03 2.740084296390197144e+11 6.435309130434701430e+00
1.990899384698717156e+06 5.488752200965083830e+03 2.726459847783397827e+11 6.491759210526233836e+00
2.008211553261314752e+06 5.530295824745871869e+03 2.712743904218493652e+11 6.548209290617766243e+00
2.025523721823912347e+06 5.572133392734523113e+03 2.698936941817261963e+11 6.604659370709299537e+00
2.042835890386509709e+06 5.614263776325824438e+03 2.685039436701481628e+11 6.661109450800831056e+00
2.060148058949107304e+06 5.656685846914562717e+03 2.671051864992930298e+11 6.717559530892363462e+00
2.077460227511704899e+06 5.699398475895524825e+03 2.656974702813385620e+11 6.774009610983896756e+00
2.094772396074302495e+06 5.742400534663497638e+03 2.642808426284626160e+11 6.830459691075429163e+00
2.112084564636900090e+06 5.785690894613268028e+03 2.628553511528430176e+11 6.886909771166961569e+00
2.129396733199497685e+06 5.829268427139623782e+03 2.614210434666575012e+11 6.943359851258493975e+00
2.146708901762094814e+06 5.873132003637349953e+03 2.599779671820839539e+11 6.999809931350025494e+00
2.164021070324692409e+06 5.917280495501236146e+03 2.585261699113001099e+11 7.056260011441557900e+00
2.181333238887290005e+06 5.961712774126066506e+03 2.570656992664838257e+11 7.112710091533090306e+00
2.198645407449887600e+06 6.006427710906630637e+03 2.555966028598128662e+11 7.169160171624623601e+00
2.215957576012485195e+06 6.051424177237713593e+03 2.541189283034650879e+11 7.225610251716156007e+00
2.233269744575082790e+06 6.096701044514103160e+03 2.526327232096182251e+11 7.282060331807688414e+00
2.250581913137680385e+06 6.142257184130585301e+03 2.511380351904501343e+11 7.338510411899220820e+00
2.267894081700277980e+06 6.188091467481948712e+03 2.496349118581386108e+11 7.394960491990754115e+00
2.285206250262875576e+06 6.234202765962978447e+03 2.481234008248614502e+11 7.451410572082286521e+00
2.302518418825472705e+06 6.280589950968461380e+03 2.466035497027965088e+11 7.507860652173818039e+00
2.319830587388070300e+06 6.327251893893186207e+03 2.450754061041215515e+11 7.564310732265350445e+00
2.337142755950667895e+06 6.374187466131939800e+03 2.435390176410143433e+11 7.620760812356882852e+00
2.354454924513265491e+06 6.421395539079508126e+03 2.419944319256527405e+11 7.677210892448415258e+00
2.371767093075863086e+06 6.468874984130678058e+03 2.404416965702145386e+11 7.733660972539948553e+00
2.389079261638460681e+06 6.516624672680236472e+03 2.388808591868775024e+11 7.790111052631480959e+00
2.406391430201058276e+06 6.564643476122971151e+03 2.373119673878195190e+11 7.846561132723013365e+00
2.423703598763655871e+06 6.612930265853668971e+03 2.357350687852183533e+11 7.903011212814545772e+00
2.441015767326253001e+06 6.661483913267114076e+03 2.341502109912518616e+11 7.959461292906077290e+00
2.458327935888850596e+06 6.710303289758097890e+03 2.325574416180977173e+11 8.015911372997610584e+00
2.475640104451448191e+06 6.759387266721403648e+03 2.309568082779338379e+11 8.072361453089142103e+00
2.492952273014045786e+06 6.808734715551820955e+03 2.293483585829379883e+11 8.128811533180675397e+00
2.510264441576643381e+06 6.858344507644135774e+03 2.277321401452879639e+11 8.185261613272208692e+00
2.527576610139240976e+06 6.908215514393134072e+03 2.261082005771615906e+11 8.241711693363740210e+00
2.544888778701838572e+06 6.958346607193604541e+03 2.244765874907366943e+11 8.298161773455273504e+00
2.562200947264436167e+06 7.008736657440333147e+03 2.228373484981910400e+11 8.354611853546805023e+00
2.579513115827033762e+06 7.059384536528105855e+03 2.211905312117024536e+11 8.411061933638338317e+00
2.596825284389630891e+06 7.110289115851710449e+03 2.195361832434487915e+11 8.467512013729869835e+00
2.614137452952228487e+06 7.161449266805934712e+03 2.178743522056077576e+11 8.523962093821403130e+00
2.631449621514826082e+06 7.212863860785565521e+03 2.162050857103571777e+11 8.580412173912934648e+00
2.648761790077423677e+06 7.264531769185387930e+03 2.145284313698749084e+11 8.636862254004467943e+00
2.666073958640021272e+06 7.316451863400190632e+03 2.128444367963387451e+11 8.693312334095999461e+00
2.683386127202618867e+06 7.368623014824761412e+03 2.111531496019264832e+11 8.749762414187532755e+00
2.700698295765216462e+06 7.421044094853884417e+03 2.094546173988158875e+11 8.806212494279066050e+00
2.718010464327814057e+06 7.473713974882348339e+03 2.077488877991848450e+11 8.862662574370597568e+00
2.735322632890411187e+06 7.526631526304939143e+03 2.060360084152111206e+11 8.919112654462129086e+00
2.752634801453008782e+06 7.579795620516445524e+03 2.043160268590724792e+11 8.975562734553662381e+00
2.769946970015606377e+06 7.633205128911653446e+03 2.025889907429467773e+11 9.032012814645193899e+00
2.787259138578203972e+06 7.686858922885349784e+03 2.008549476790118103e+11 9.088462894736727193e+00
2.804571307140801568e+06 7.740755873832320503e+03 1.991139452794454041e+11 9.144912974828260488e+00
2.821883475703399163e+06 7.794894853147354297e+03 1.973660311564252625e+11 9.201363054919792006e+00
2.839195644265996758e+06 7.849274732225238040e+03 1.956112529221293335e+11 9.257813135011325301e+00
2.856507812828594353e+06 7.903894382460756788e+03 1.938496581887353516e+11 9.314263215102858595e+00
2.873819981391191948e+06 7.958752675248698324e+03 1.920812945684211121e+11 9.370713295194390113e+00
2.891132149953789078e+06 8.013848481983849524e+03 1.903062096733645020e+11 9.427163375285921632e+00
2.908444318516386673e+06 8.069180674060998172e+03 1.885244511157431946e+11 9.483613455377454926e+00
2.925756487078984268e+06 8.124748122874932051e+03 1.867360665077350464e+11 9.540063535468986444e+00
2.943068655641581863e+06 8.180549699820435308e+03 1.849411034615179138e+11 9.596513615560519739e+00
2.960380824204179458e+06 8.236584276292296636e+03 1.831396095892695923e+11 9.652963695652053033e+00
2.977692992766777053e+06 8.292850723685303819e+03 1.813316325031678162e+11 9.709413775743584551e+00
2.995005161329374649e+06 8.349347913394241914e+03 1.795172198153904419e+11 9.765863855835117846e+00
3.012317329891972244e+06 8.406074716813898704e+03 1.776964191381152649e+11 9.822313935926649364e+00
3.029629498454569373e+06 8.463030005339060153e+03 1.758692780835201416e+11 9.878764016018180882e+00
3.046941667017166968e+06 8.520212650364512228e+03 1.740358442637828369e+11 9.935214096109714177e+00
3.064253835579764564e+06 8.577621523285048170e+03 1.721961652910810852e+11 9.991664176201245695e+00
3.081566004142362159e+06 8.635255495495446667e+03 1.703502887775928345e+11 1.004811425629277899e+01
3.098878172704959754e+06 8.693113438390500960e+03 1.684982623354956970e+11 1.010456433638431228e+01
3.116190341267557349e+06 8.751194223364995196e+03 1.666401335769677124e+11 1.016101441647584380e+01
3.133502509830154944e+06 8.809496721813717159e+03 1.647759501141864929e+11 1.021746449656737710e+01
3.150814678392752539e+06 8.868019805131450994e+03 1.629057595593299561e+11 1.027391457665891039e+01
3.168126846955350135e+06 8.926762344712988124e+03 1.610296095245758667e+11 1.033036465675044191e+01
3.185439015517947264e+06 8.985723211953110876e+03 1.591475476221020508e+11 1.038681473684197343e+01
3.202751184080544859e+06 9.044901278246608854e+03 1.572596214640862732e+11 1.044326481693350672e+01
3.220063352643142454e+06 9.104295414988271659e+03 1.553658786627063904e+11 1.049971489702503824e+01
3.237375521205740049e+06 9.163904493572881620e+03 1.534663668301401672e+11 1.055616497711657154e+01
3.254687689768337645e+06 9.223727385395226520e+03 1.515611335785654297e+11 1.061261505720810483e+01
3.271999858330935240e+06 9.283762961850094143e+03 1.496502265201599426e+11 1.066906513729963635e+01
3.289312026893532835e+06 9.344010094332272274e+03 1.477336932671015625e+11 1.072551521739116964e+01
3.306624195456130430e+06 9.404467654236548697e+03 1.458115814315680542e+11 1.078196529748270294e+01
3.323936364018728025e+06 9.465134512957705738e+03 1.438839386257373047e+11 1.083841537757423445e+01
3.341248532581325155e+06 9.526009541890533001e+03 1.419508124617870483e+11 1.089486545766576597e+01
3.358560701143922750e+06 9.587091612429818269e+03 1.400122505518951721e+11 1.095131553775729927e+01
3.375872869706520345e+06 9.648379595970349328e+03 1.380683005082392883e+11 1.100776561784883079e+01
3.393185038269117940e+06 9.709872363906910323e+03 1.361190099429974060e+11 1.106421569794036408e+01
3.410497206831715535e+06 9.771568787634289038e+03 1.341644264683471680e+11 1.112066577803189560e+01
3.427809375394313131e+06 9.833467738547275076e+03 1.322045976964665527e+11 1.117711585812342889e+01
3.445121543956910260e+06 9.895568088040648945e+03 1.302395712395332642e+11 1.123356593821496041e+01
